{"version": 2, "width": 100, "height": 40, "timestamp": 1604102585, "env": {"SHELL": "/bin/bash", "TERM": "screen"}, "title": "out/entry_016"}
[0.033963, "o", "101001100011100000000000000\r\n101001100011100000000000000\r\n101001100011100000000000000\r\n101001100011100000000000000\r\n101001100011100000000000000\r\n101001100011100000000000000\r\n101001100011100000000000000\r\n101001100011100000000000000\r\n101001100011100000000000000\r\n101001100011100000000000000\r\n\r\n"]
[0.535214, "o", "10100110001110000000000000\r\n101001100011100000000000000\r\n101001100011100000000000000\r\n101001100011100000000000000\r\n101001100011100000000000000\r\n101001100011100000000000000\r\n101001100011100000000000000\r\n101001100011100000000000000\r\n101001100011100000000000000\r\n101001100011100000000000000\r\n\r\n"]
[1.03652, "o", "1010011000111000000000000\r\n10100110001110000000000000\r\n101001100011100000000000000\r\n101001100011100000000000000\r\n101001100011100000000000000\r\n101001100011100000000000000\r\n101001100011100000000000000\r\n101001100011100000000000000\r\n101001100011100000000000000\r\n101001100011100000000000000"]
[1.036838, "o", "\r\n\r\n"]
[1.537818, "o", "101001100011100000000000\r\n1010011000111000000000000\r\n10100110001110000000000000\r\n101001100011100000000000000\r\n101001100011100000000000000\r\n101001100011100000000000000\r\n101001100011100000000000000\r\n101001100011100000000000000\r\n101001100011100000000000000\r\n101001100011100000000000000\r\n\r\n"]
[2.03908, "o", "1010011000111000000000000\r\n101001100011100000000000\r\n1010011000111000000000000\r\n10100110001110000000000000\r\n101001100011100000000000000\r\n101001100011100000000000000\r\n101001100011100000000000000\r\n101001100011100000000000000\r\n101001100011100000000000000\r\n101001100011100000000000000\r\n\r\n"]
[2.54035, "o", "10100110001110000000000000\r\n1010011000111000000000000\r\n101001100011100000000000\r\n1010011000111000000000000\r\n10100110001110000000000000\r\n101001100011100000000000000\r\n101001100011100000000000000\r\n101001100011100000000000000\r\n101001100011100000000000000\r\n101001100011100000000000000\r\n\r\n"]
[3.041621, "o", "101001100011100000000000000\r\n10100110001110000000000000\r\n1010011000111000000000000\r\n101001100011100000000000\r\n1010011000111000000000000\r\n10100110001110000000000000\r\n101001100011100000000000000\r\n101001100011100000000000000\r\n101001100011100000000000000\r\n101001100011100000000000000\r\n\r\n"]
[3.542911, "o", "10100110001110000000000000\r\n101001100011100000000000000\r\n10100110001110000000000000\r\n1010011000111000000000000\r\n101001100011100000000000\r\n1010011000111000000000000\r\n10100110001110000000000000\r\n101001100011100000000000000\r\n101001100011100000000000000\r\n101001100011100000000000000\r\n\r\n"]
[4.04416, "o", "1010011000111000000000000\r\n10100110001110000000000000\r\n101001100011100000000000000\r\n10100110001110000000000000\r\n1010011000111000000000000\r\n101001100011100000000000\r\n1010011000111000000000000\r\n10100110001110000000000000\r\n101001100011100000000000000\r\n101001100011100000000000000\r\n\r\n"]
[4.545433, "o", "101001100011100000000000\r\n1010011000111000000000000\r\n10100110001110000000000000\r\n101001100011100000000000000\r\n10100110001110000000000000\r\n1010011000111000000000000\r\n101001100011100000000000\r\n1010011000111000000000000\r\n10100110001110000000000000\r\n101001100011100000000000000\r\n\r\n"]
[5.046703, "o", "10100110001110000000000\r\n101001100011100000000000\r\n1010011000111000000000000\r\n10100110001110000000000000\r\n101001100011100000000000000\r\n10100110001110000000000000\r\n1010011000111000000000000\r\n101001100011100000000000\r\n1010011000111000000000000\r\n10100110001110000000000000\r\n\r\n"]
[5.548001, "o", "101001100011100000000000\r\n10100110001110000000000\r\n101001100011100000000000\r\n1010011000111000000000000\r\n10100110001110000000000000\r\n101001100011100000000000000\r\n10100110001110000000000000\r\n1010011000111000000000000\r\n101001100011100000000000\r\n1010011000111000000000000\r\n\r\n"]
[6.049236, "o", "1010011000111000000000000\r\n101001100011100000000000\r\n10100110001110000000000\r\n101001100011100000000000\r\n1010011000111000000000000\r\n10100110001110000000000000\r\n101001100011100000000000000\r\n10100110001110000000000000\r\n1010011000111000000000000\r\n101001100011100000000000\r\n\r\n"]
[6.55051, "o", "101001100011100000000000\r\n1010011000111000000000000\r\n101001100011100000000000\r\n10100110001110000000000\r\n101001100011100000000000\r\n1010011000111000000000000\r\n10100110001110000000000000\r\n101001100011100000000000000\r\n10100110001110000000000000\r\n1010011000111000000000000\r\n\r\n"]
[7.051788, "o", "10100110001110000000000\r\n101001100011100000000000\r\n1010011000111000000000000\r\n101001100011100000000000\r\n10100110001110000000000\r\n101001100011100000000000\r\n1010011000111000000000000\r\n10100110001110000000000000\r\n101001100011100000000000000\r\n10100110001110000000000000\r\n\r\n"]
[7.553051, "o", "101001100011100000000000\r\n10100110001110000000000\r\n101001100011100000000000\r\n1010011000111000000000000\r\n101001100011100000000000\r\n10100110001110000000000\r\n101001100011100000000000\r\n1010011000111000000000000\r\n10100110001110000000000000\r\n101001100011100000000000000\r\n\r\n"]
[8.054354, "o", "1010011000111000000000000\r\n101001100011100000000000\r\n10100110001110000000000\r\n101001100011100000000000\r\n1010011000111000000000000\r\n101001100011100000000000\r\n10100110001110000000000\r\n101001100011100000000000\r\n1010011000111000000000000\r\n10100110001110000000000000\r\n\r\n"]
[8.555593, "o", "10100110001110000000000000\r\n1010011000111000000000000\r\n101001100011100000000000\r\n10100110001110000000000\r\n101001100011100000000000\r\n1010011000111000000000000\r\n101001100011100000000000\r\n10100110001110000000000\r\n101001100011100000000000\r\n1010011000111000000000000\r\n\r\n"]
[9.056863, "o", "101001100011100000000000000\r\n10100110001110000000000000\r\n1010011000111000000000000\r\n101001100011100000000000\r\n10100110001110000000000\r\n101001100011100000000000\r\n1010011000111000000000000\r\n101001100011100000000000\r\n10100110001110000000000\r\n101001100011100000000000\r\n\r\n"]
[9.558135, "o", "10100110001110000000000000\r\n101001100011100000000000000\r\n10100110001110000000000000\r\n1010011000111000000000000\r\n101001100011100000000000\r\n10100110001110000000000\r\n101001100011100000000000\r\n1010011000111000000000000\r\n101001100011100000000000\r\n10100110001110000000000\r\n\r\n"]
[10.059427, "o", "1010011000111000000000000\r\n10100110001110000000000000\r\n101001100011100000000000000\r\n10100110001110000000000000\r\n1010011000111000000000000\r\n101001100011100000000000\r\n10100110001110000000000\r\n101001100011100000000000\r\n1010011000111000000000000\r\n101001100011100000000000\r\n\r\n"]
[10.560677, "o", "101001100011100000000000\r\n1010011000111000000000000\r\n10100110001110000000000000\r\n101001100011100000000000000\r\n10100110001110000000000000\r\n1010011000111000000000000\r\n101001100011100000000000\r\n10100110001110000000000\r\n101001100011100000000000\r\n1010011000111000000000000\r\n\r\n"]
[11.061938, "o", "1010011000111000000000000\r\n101001100011100000000000\r\n1010011000111000000000000\r\n10100110001110000000000000\r\n101001100011100000000000000\r\n10100110001110000000000000\r\n1010011000111000000000000\r\n101001100011100000000000\r\n10100110001110000000000\r\n101001100011100000000000\r\n\r\n"]
[11.563199, "o", "10100110001110000000000000\r\n1010011000111000000000000\r\n101001100011100000000000\r\n1010011000111000000000000\r\n10100110001110000000000000\r\n101001100011100000000000000\r\n10100110001110000000000000\r\n"]
[11.563606, "o", "1010011000111000000000000\r\n101001100011100000000000\r\n10100110001110000000000\r\n\r\n"]
[12.06455, "o", "1010011000111000000000000\r\n10100110001110000000000000\r\n1010011000111000000000000\r\n101001100011100000000000\r\n1010011000111000000000000\r\n10100110001110000000000000\r\n101001100011100000000000000\r\n10100110001110000000000000\r\n1010011000111000000000000\r\n101001100011100000000000\r\n\r\n"]
[12.565807, "o", "101001100011100000000000\r\n1010011000111000000000000\r\n10100110001110000000000000\r\n1010011000111000000000000\r\n101001100011100000000000\r\n1010011000111000000000000\r\n10100110001110000000000000\r\n101001100011100000000000000\r\n10100110001110000000000000\r\n1010011000111000000000000\r\n\r\n"]
[13.067079, "o", "1010011000111000000000000\r\n101001100011100000000000\r\n1010011000111000000000000\r\n10100110001110000000000000\r\n1010011000111000000000000\r\n101001100011100000000000\r\n1010011000111000000000000\r\n10100110001110000000000000\r\n101001100011100000000000000\r\n10100110001110000000000000\r\n"]
[13.06719, "o", "\r\n"]
[13.568389, "o", "10100110001110000000000000\r\n1010011000111000000000000\r\n101001100011100000000000\r\n1010011000111000000000000\r\n10100110001110000000000000\r\n1010011000111000000000000\r\n101001100011100000000000\r\n"]
[13.568502, "o", "1010011000111000000000000\r\n10100110001110000000000000\r\n101001100011100000000000000\r\n\r\n"]
[14.069739, "o", "101001100011100000000000000\r\n10100110001110000000000000\r\n1010011000111000000000000\r\n101001100011100000000000\r\n1010011000111000000000000\r\n10100110001110000000000000\r\n1010011000111000000000000\r\n101001100011100000000000\r\n1010011000111000000000000\r\n10100110001110000000000000\r\n\r\n"]
[14.570989, "o", "10100110001110000000000000\r\n101001100011100000000000000\r\n10100110001110000000000000\r\n1010011000111000000000000\r\n101001100011100000000000\r\n1010011000111000000000000\r\n10100110001110000000000000\r\n1010011000111000000000000\r\n101001100011100000000000\r\n1010011000111000000000000\r\n\r\n"]
